-96
-132
-156
-132
-104
-108
-96
-52
-64
-20
-32
12
60
80
92
132
128
148
140
140
156
132
140
80
88
32
36
12
-20
-48
-60
-92
-120
-144
-120
-132
-148
-132
-140
-104
-144
-144
-96
-136
-116
-132
-108
-100
-88
-60
-108
-56
0
8
-12
36
52
108
80
124
128
132
148
160
136
116
100
88
60
48
12
-8
-32
-68
-88
-140
-56
-156
-100
-140
-84
-124
-116
-112
-132
-84
-128
-108
-140
-84
-108
-112
-72
-64
-20
-44
-40
48
92
28
68
120
136
124
148
144
128
136
124
92
48
76
44
24
-24
-12
-48
-96
-88
-104
-76
-108
-164
-56
-164
-104
-152
-120
-132
-100
-92
-124
-172
-124
-80
-88
-52
-24
-48
-32
36
32
64
84
88
104
132
132
140
120
100
108
96
68
44
28
-4
-20
-44
-56
-84
-88
-92
-104
-116
-100
-108
-120
-136
-108
-112
-128
-120
-104
-96
-112
-68
-96
-40
-52
-32
-4
12
0
56
60
60
108
108
120
120
112
112
104
100
88
64
36
40
-28
-20
-20
-88
-56
-80
-100
-92
-100
-112
-116
-112
-108
-120
-104
-112
-108
-96
-96
-96
-92
-60
-52
-44
-32
-4
24
28
56
76
84
112
104
120
100
144
100
96
76
76
56
36
12
0
-40
-24
-44
-84
-76
-92
-120
-88
-140
-84
-112
-116
-128
-92
-104
-120
-108
-76
-60
-68
-64
-44
-12
-36
24
28
20
32
84
116
64
108
108
112
112
116
88
76
80
48
36
-4
-4
-20
-52
-84
-56
-80
-80
-116
-104
-92
-112
-96
-116
-96
-104
-80
-48
-72
-56
-96
-88
-40
-16
-44
-20
-4
16
48
44
64
88
88
112
112
108
92
88
84
68
60
56
28
8
0
-60
-20
-52
-100
-68
-100
-80
-76
-104
-80
-116
-88
-100
-104
-100
-84
-64
-92
-56
-96
-60
-16
-8
-8
12
32
92
28
40
108
100
92
108
100
104
84
52
80
48
44
4
8
-44
-48
-52
-64
-32
-84
-100
-72
-112
-84
-104
-80
-104
-96
-84
-100
-72
-100
-80
-64
-64
-20
-28
-20
8
48
24
60
64
